1590135334_u2u;10;0002;002;0002;001;1
1590135518_u2u;10;0002;002;0002;001;1
1590142633_u2u;10;0002;002;0002;001;1
1590142752_u2u;10;0002;002;0002;001;1
1590142831_u2u;10;0002;002;0002;001;1
1590142943_u2u;10;0002;002;0002;001;1
1590145089_u2u;10;0002;002;0002;001;1
1590490024_u2u;10;0002;001;0002;003;1
1590490868_u2u;10;0002;001;0002;003;1
1590491117_u2u;20;0002;001;0002;003;1
1590498246_u2u;30;0002;001;0002;003;1
1590498603_u2u;60;0002;001;0002;003;1
1590498921_u2u;60;0002;001;0002;003;1
1590499458_u2u;60;0002;002;0002;003;1
1590499629_u2u;60;0002;001;0002;003;1
